第1回,7,10,12,17,23,28,34,3,15
第2回,20,24,29,31,33,34,35,12,32
第3回,2,7,8,11,14,23,31,5,15
第4回,12,13,22,23,24,28,29,2,14
第5回,1,3,4,5,16,21,28,22,31
第6回,5,15,19,23,30,34,35,6,25
第7回,1,3,5,7,27,29,33,6,15
第8回,2,21,28,29,30,32,36,6,8
第9回,3,4,15,23,27,30,36,13,35
第10回,1,2,3,6,24,28,30,16,20
第11回,9,15,26,29,32,34,36,14,35
第12回,11,12,14,19,26,27,33,24,32
第13回,6,10,16,21,27,28,35,15,34
第14回,4,7,8,9,24,28,30,34,36
第15回,2,10,14,17,23,25,35,8,29
第16回,5,6,9,13,16,21,23,8,34
第17回,2,3,5,22,34,36,37,7,15
第18回,12,17,21,24,29,31,36,20,26
第19回,2,14,19,20,21,22,31,1,15
第20回,2,5,13,20,21,23,28,11,22
第21回,1,9,13,15,25,30,33,19,28
第22回,2,4,8,9,15,23,25,3,10
第23回,4,8,11,25,28,29,30,14,32
第24回,4,5,8,10,16,19,33,2,29
第25回,1,6,11,16,17,18,21,10,24
第26回,11,13,16,18,26,31,36,21,27
第27回,1,10,11,14,17,18,28,25,26
第28回,6,7,12,15,19,35,37,1,11
第29回,2,3,16,17,24,26,28,15,31
第30回,6,8,13,22,26,32,36,16,34
第31回,9,12,13,19,23,33,34,20,32
第32回,3,8,15,18,27,29,37,31,34
第33回,1,4,17,24,29,33,36,19,30
第34回,4,6,7,23,24,32,35,8,27
第35回,1,16,18,19,25,30,34,26,36
第36回,5,6,10,11,20,28,36,25,37
第37回,7,8,10,13,14,19,37,29,33
第38回,4,14,19,22,24,29,34,8,31
第39回,7,13,19,23,25,26,30,1,18
第40回,2,6,11,23,26,31,34,7,20
第41回,2,3,8,15,34,35,36,25,28
第42回,2,15,16,17,23,31,33,8,26
第43回,4,6,7,8,24,31,37,5,13
第44回,3,4,6,15,27,28,29,1,14
第45回,1,2,9,18,21,27,33,25,31
第46回,2,5,6,15,23,27,30,4,35
第47回,2,9,11,14,20,21,36,6,15
第48回,3,5,24,26,29,30,34,8,35
第49回,8,11,12,17,24,26,27,14,21
第50回,3,4,7,8,15,24,29,11,16
第51回,1,4,5,8,20,23,35,15,33
第52回,8,10,22,24,26,32,34,5,9
第53回,1,4,14,16,20,33,36,12,30
第54回,1,3,5,10,18,22,23,7,35
第55回,4,12,14,17,23,30,36,13,33
第56回,4,23,26,27,28,32,36,29,30
第57回,5,6,12,16,17,20,33,8,32
第58回,1,6,7,8,23,32,33,11,34
第59回,5,8,12,13,21,30,35,27,34
第60回,3,7,9,15,16,23,34,5,33
第61回,5,10,11,21,28,31,37,13,14
第62回,4,10,12,15,27,32,33,9,16
第63回,4,8,19,24,28,30,32,12,37
第64回,4,15,16,17,20,29,36,19,26
第65回,4,7,12,22,23,24,28,25,34
第66回,1,11,25,28,31,33,37,3,20
第67回,7,11,15,17,18,25,35,6,33
第68回,2,7,13,15,24,34,35,12,23
第69回,13,17,20,22,28,29,37,11,12
第70回,9,10,18,21,27,33,35,4,11
第71回,1,6,13,29,34,35,37,2,15
第72回,11,12,18,19,20,31,32,9,21
第73回,12,16,23,25,27,30,32,28,33
第74回,5,13,14,15,16,24,31,9,11
第75回,4,9,15,17,19,35,37,10,20
第76回,4,13,18,29,32,34,36,24,33
第77回,3,10,23,25,26,28,30,15,29
第78回,5,6,10,14,24,28,36,7,20
第79回,2,4,7,9,21,29,37,6,36
第80回,2,5,10,18,21,24,27,25,34
第81回,1,3,10,18,28,31,35,9,21
第82回,1,3,16,20,25,27,34,18,37
第83回,1,11,21,26,28,32,35,18,22
第84回,8,16,23,28,29,35,36,12,37
第85回,6,7,10,11,22,26,35,14,23
第86回,3,10,20,21,22,26,30,24,35
第87回,8,9,12,18,20,28,31,13,15
第88回,3,4,10,14,25,29,30,18,19
第89回,1,3,11,26,28,34,36,17,20
第90回,2,8,9,13,14,18,37,11,25
第91回,1,5,7,14,15,25,35,18,24
第92回,4,5,15,25,26,29,32,11,27
第93回,2,5,11,14,17,30,32,31,37
第94回,13,19,20,27,28,29,30,26,36
第95回,1,8,13,14,18,30,34,26,36
第96回,9,11,14,21,22,23,24,10,36
第97回,7,13,14,16,22,24,35,1,29
第98回,3,9,11,13,19,25,33,10,30
第99回,13,17,22,24,27,28,35,11,19
第100回,1,2,11,16,25,35,36,9,14
第101回,11,12,21,23,28,36,37,3,16
第102回,1,4,8,27,28,29,31,13,25
第103回,2,3,11,12,22,35,36,30,34
第104回,7,9,11,15,16,22,37,12,13
第105回,3,15,19,20,26,28,33,17,21
第106回,6,10,12,19,21,22,30,1,11
第107回,3,8,9,13,17,27,33,29,31
第108回,2,6,7,8,28,30,36,18,21
第109回,6,17,20,21,24,30,32,7,23
第110回,4,12,22,30,31,35,36,19,37
第111回,7,8,9,24,28,30,33,1,34
第112回,6,7,10,15,27,35,36,13,20
第113回,4,6,7,9,15,17,37,14,20
第114回,8,13,26,27,28,29,37,4,12
第115回,6,8,13,14,20,25,27,24,26
第116回,9,14,23,27,28,31,32,3,20
第117回,9,10,20,28,31,34,37,23,26
第118回,5,8,9,24,27,28,30,16,20
第119回,3,6,8,14,15,25,36,24,35
第120回,2,16,18,26,32,35,37,9,36
第121回,2,4,13,16,21,30,37,19,29
第122回,2,16,18,26,27,34,35,5,12
第123回,1,3,5,8,29,34,36,23,28
第124回,1,2,15,17,18,22,36,6,27
第125回,1,6,11,14,19,28,35,18,21
第126回,4,10,13,16,17,21,27,1,18
第127回,10,12,15,23,28,30,35,6,25
第128回,2,4,8,23,26,27,32,3,35
第129回,5,7,11,19,24,27,30,29,35
第130回,1,15,20,23,25,31,32,5,24
第131回,3,4,12,17,32,34,36,23,31
第132回,7,10,14,16,20,30,31,35,37
第133回,3,7,13,15,17,21,30,14,27
第134回,4,9,20,28,30,34,35,12,29
第135回,8,9,13,14,24,32,34,3,4
第136回,10,17,24,27,30,33,37,18,31
第137回,13,19,21,25,27,32,35,16,20
第138回,2,5,17,20,21,32,33,30,35
第139回,9,16,18,21,23,34,35,4,36
第140回,3,11,12,13,17,26,35,1,33
第141回,2,10,18,30,31,32,36,21,29
第142回,6,12,14,18,21,27,28,1,33
第143回,1,3,8,14,28,29,33,4,31
第144回,2,9,13,18,22,32,36,17,26
第145回,10,12,18,28,29,30,35,4,19
第146回,4,10,25,27,28,33,34,15,35
第147回,1,5,7,12,15,24,25,8,14
第148回,1,9,11,16,20,30,34,12,33
第149回,1,4,15,19,22,23,31,12,32
第150回,6,7,14,20,27,31,34,11,24
第151回,9,10,13,15,21,22,24,4,8
第152回,8,12,17,21,23,24,31,6,7
第153回,7,9,10,16,20,28,37,2,33
第154回,2,4,19,21,24,28,35,3,13
第155回,2,9,13,18,22,24,26,10,37
第156回,4,9,16,19,22,33,34,17,36
第157回,5,9,16,26,28,29,32,1,37
第158回,3,6,7,30,32,36,37,5,20
第159回,10,14,17,21,23,27,31,16,24
第160回,1,2,8,24,32,36,37,23,33
第161回,8,14,17,18,20,22,34,4,30
第162回,2,7,8,12,14,23,27,6,10
第163回,1,2,6,16,28,30,31,3,7
第164回,3,13,20,23,31,35,36,2,11
第165回,9,11,14,15,16,18,27,6,20
第166回,14,20,27,29,30,31,37,23,34
第167回,1,3,5,7,10,26,36,19,37
第168回,3,9,12,14,19,20,36,2,5
第169回,1,5,10,20,21,28,30,25,26
第170回,3,5,6,9,27,32,36,12,24
第171回,1,2,6,21,23,27,28,11,16
第172回,5,20,21,27,30,31,36,9,26
第173回,7,9,19,22,24,27,30,4,28
第174回,10,13,14,15,23,31,32,4,29
第175回,6,17,21,31,33,35,37,14,18
第176回,1,11,12,17,22,30,35,15,16
第177回,9,15,19,23,25,34,36,2,35
第178回,6,9,11,15,26,34,36,13,37
第179回,4,9,12,13,22,26,36,5,33
第180回,1,8,11,21,23,25,28,5,37
第181回,7,8,10,13,19,23,24,15,27
第182回,1,7,10,11,20,23,30,3,37
第183回,6,15,20,26,33,34,37,19,29
第184回,7,14,18,22,23,26,34,2,32
第185回,1,2,4,16,26,29,34,11,12
第186回,5,14,16,19,31,33,37,21,28
第187回,4,6,10,23,24,32,36,15,31
第188回,6,15,19,25,26,30,31,14,18
第189回,3,7,8,10,18,23,35,1,19
第190回,2,11,12,18,21,33,36,8,34
第191回,8,15,21,24,26,27,29,7,30
第192回,12,13,14,19,25,33,34,3,22
第193回,4,6,20,21,22,24,31,9,10
第194回,3,6,27,30,31,32,36,14,23
第195回,4,7,12,20,23,24,31,26,35
第196回,7,13,15,25,30,32,37,8,14
第197回,6,8,10,12,16,21,28,14,23
第198回,18,21,31,32,33,36,37,5,25
第199回,1,9,17,20,22,28,29,13,16
第200回,13,14,17,21,27,28,34,1,11
第201回,8,11,17,24,28,31,32,12,34
第202回,3,7,11,16,22,34,37,29,32
第203回,6,13,17,22,32,33,36,12,28
第204回,5,19,20,21,30,34,36,7,12
第205回,4,5,19,31,35,36,37,27,32
第206回,1,6,7,11,27,35,36,22,26
第207回,4,5,10,13,28,32,33,19,26
第208回,4,13,16,18,22,26,33,27,29
第209回,3,4,6,13,22,31,36,28,34
第210回,2,4,6,11,15,19,36,23,34
第211回,7,15,22,25,31,32,35,29,36
第212回,4,6,10,19,20,24,29,1,27
第213回,5,13,15,18,19,24,35,20,23
第214回,2,6,9,12,31,36,37,3,22
第215回,11,12,13,21,29,36,37,7,9
第216回,9,14,22,24,25,36,37,8,28
第217回,4,6,26,27,28,35,36,24,34
第218回,15,16,17,21,26,29,30,10,34
第219回,6,9,13,14,21,25,31,2,4
第220回,7,9,11,18,25,28,35,20,27
第221回,1,2,9,11,17,30,35,13,36
第222回,3,9,18,21,23,27,29,35,37
第223回,10,13,19,21,26,33,34,24,25
第224回,2,4,7,10,12,29,34,1,21
第225回,13,15,17,18,20,21,26,25,29
第226回,12,17,21,24,26,30,32,10,22
第227回,2,3,7,9,22,23,26,29,30
第228回,6,11,14,21,24,28,31,22,36
第229回,2,3,9,30,33,36,37,1,32
第230回,3,5,8,15,22,25,27,18,31
第231回,4,15,18,24,25,34,36,10,26
第232回,2,4,7,9,15,35,37,10,23
第233回,3,13,17,25,26,27,29,8,37
第234回,7,14,15,16,23,25,30,5,34
第235回,2,9,13,18,21,33,34,3,11
第236回,19,22,23,34,35,36,37,10,30
第237回,3,4,7,19,20,21,29,8,33
第238回,3,21,26,33,34,35,37,23,31
第239回,8,13,17,21,23,28,37,1,14
第240回,9,12,14,24,29,31,35,5,30
第241回,5,11,12,19,21,26,28,4,20
第242回,1,5,13,17,31,32,35,19,24
第243回,6,9,13,18,20,22,30,11,14
第244回,2,9,17,22,32,34,36,11,12
第245回,2,8,9,11,24,26,27,7,36
第246回,3,6,9,19,23,25,31,21,36
第247回,10,12,13,16,34,35,36,11,37
第248回,1,5,6,22,25,27,31,12,18
第249回,9,20,28,29,31,34,37,5,25
第250回,5,9,10,13,26,30,34,18,23
第251回,1,15,20,26,28,34,37,23,30
第252回,8,23,24,25,27,30,31,11,17
第253回,6,7,9,12,15,17,24,26,29
第254回,1,12,14,18,23,24,31,7,26
第255回,1,4,11,13,15,21,32,5,10
第256回,14,21,24,27,30,33,37,19,20
第257回,5,15,16,26,27,32,35,23,28
第258回,1,3,11,20,23,32,35,25,26
第259回,5,6,15,19,22,29,32,4,31
第260回,4,8,12,23,29,31,34,5,6
第261回,4,14,15,17,21,23,26,7,8
第262回,2,6,7,9,19,23,36,5,15
第263回,1,5,11,16,27,35,36,6,14
第264回,8,13,15,17,21,26,29,4,24
第265回,12,13,15,19,21,24,36,10,37
第266回,6,11,15,17,20,27,32,16,22
第267回,8,13,18,20,23,25,26,6,28
第268回,4,5,9,15,29,31,33,26,27
第269回,1,9,15,24,31,33,36,2,26
第270回,1,2,11,13,15,24,25,26,28
第271回,1,9,15,16,19,32,35,14,31
第272回,2,5,8,15,18,26,31,19,25
第273回,13,15,21,23,26,32,34,5,9
第274回,9,14,21,23,25,26,37,7,29
第275回,8,9,15,19,24,25,35,34,37
第276回,3,6,12,17,22,34,35,2,33
第277回,6,7,9,11,21,23,25,1,22
第278回,6,9,14,21,23,33,36,27,28
第279回,7,11,15,17,19,23,31,9,37
第280回,4,9,10,11,24,32,35,2,37
第281回,1,2,17,19,20,22,26,30,36
第282回,10,17,18,25,29,35,36,7,14
第283回,13,14,15,17,23,29,31,10,19
第284回,6,7,10,25,29,30,33,1,31
第285回,11,15,21,26,30,34,35,4,36
第286回,4,5,14,17,18,29,37,27,31
第287回,2,7,10,20,24,29,34,4,8
第288回,1,8,9,16,27,32,37,17,31
第289回,2,7,10,12,16,17,34,23,25
第290回,3,13,22,26,31,32,37,29,35
第291回,1,11,18,19,21,29,37,5,15
第292回,12,15,25,26,27,29,35,24,30
第293回,11,13,15,20,27,29,35,1,7
第294回,3,4,6,10,14,22,29,28,32
第295回,4,5,6,8,9,22,32,13,26
第296回,1,8,10,12,18,28,29,25,27
第297回,2,3,11,16,23,28,36,8,24
第298回,1,3,8,11,18,19,22,26,30
第299回,1,6,10,13,16,26,36,28,30
第300回,4,7,21,31,33,34,35,6,12
第301回,4,11,12,25,27,30,33,5,19
第302回,8,16,26,27,28,32,34,4,25
第303回,4,7,14,17,21,34,37,10,30
第304回,7,9,10,17,28,33,36,18,23
第305回,6,17,23,24,27,28,31,10,18
第306回,12,13,15,22,25,33,35,1,31
第307回,5,8,15,24,25,32,35,20,26
第308回,5,6,11,15,20,32,33,13,25
第309回,1,7,13,14,16,21,22,18,34
第310回,17,25,26,28,31,32,37,6,9
第311回,9,11,18,24,26,27,37,30,33
第312回,1,2,4,18,20,29,34,17,30
第313回,9,13,16,23,28,29,30,1,20
第314回,3,6,8,19,32,34,35,12,30
第315回,3,11,18,26,30,33,37,28,31
第316回,3,9,10,17,30,33,34,6,8
第317回,7,8,14,15,16,20,29,18,19
第318回,4,5,10,12,27,34,36,3,14
第319回,2,6,14,23,28,31,35,19,27
第320回,5,6,18,22,26,33,34,36,37
第321回,15,24,27,28,29,34,35,9,25
第322回,1,10,11,21,26,29,30,14,20
第323回,11,14,15,21,26,34,36,23,27
第324回,9,13,16,17,18,19,20,30,36
第325回,4,14,17,18,21,31,33,6,20
第326回,1,2,17,18,24,27,29,12,32
第327回,1,3,13,14,16,30,31,2,17
第328回,3,9,10,14,19,24,30,18,21
第329回,3,10,19,20,26,28,30,15,25
第330回,3,4,10,12,17,18,20,19,32
第331回,5,7,11,12,15,18,20,19,30
第332回,5,7,10,15,24,27,30,3,33
第333回,1,4,10,11,16,24,34,30,32
第334回,3,7,15,16,30,34,35,8,29
第335回,9,10,17,18,22,25,35,13,14
第336回,9,10,13,21,25,31,33,24,37
第337回,5,7,10,12,14,24,35,11,33
第338回,7,9,16,17,23,27,34,15,36
第339回,11,15,18,20,23,25,32,9,37
第340回,6,14,17,26,27,30,36,12,28
第341回,4,11,17,27,29,31,36,19,24
第342回,3,6,24,28,32,35,36,4,8
第343回,17,19,22,29,30,31,32,11,16
第344回,11,19,28,29,31,32,37,12,21
第345回,6,9,10,18,28,31,32,24,35
第346回,11,16,18,23,30,31,35,3,27
第347回,3,6,11,13,18,20,34,25,35
第348回,2,5,17,18,19,20,33,1,24
第349回,4,10,11,15,18,22,34,16,32
第350回,10,19,21,23,24,30,37,2,28
第351回,8,13,17,19,23,25,28,5,16
第352回,3,4,14,18,26,30,32,28,34
第353回,11,15,22,23,24,29,33,19,34
第354回,1,2,8,10,13,25,31,23,35
第355回,4,6,9,10,23,27,33,14,31
第356回,4,16,20,30,33,34,36,19,21
第357回,5,8,12,13,14,24,30,27,35
第358回,5,13,14,26,32,33,34,8,11
第359回,4,7,11,17,19,26,35,1,24
第360回,9,11,13,14,20,22,37,15,17
第361回,5,9,16,20,29,33,35,2,8
第362回,4,7,8,14,22,24,27,13,26
第363回,13,15,17,22,26,34,36,3,19
第364回,3,9,10,14,16,20,27,19,33
第365回,1,4,13,14,16,22,35,10,23
第366回,10,24,25,26,27,33,36,4,23
第367回,8,14,19,20,29,30,31,7,35
第368回,7,8,9,13,21,34,35,3,20
第369回,1,7,9,11,15,31,34,6,33
第370回,7,10,16,25,26,33,34,24,35
第371回,1,3,4,8,11,21,25,12,23
第372回,6,8,22,23,32,33,36,9,27
第373回,2,3,17,18,22,23,31,4,30
第374回,4,5,9,10,18,27,35,15,34
第375回,13,15,18,19,23,27,32,34,35
第376回,6,11,14,17,23,31,37,10,15
第377回,6,7,10,17,25,33,36,27,32
第378回,1,5,9,10,14,15,29,20,28
第379回,3,8,15,22,24,29,35,18,26
第380回,8,14,24,25,32,34,36,13,16
第381回,4,8,25,26,27,31,32,9,22
第382回,2,3,5,8,19,22,37,16,28
第383回,8,11,15,22,26,28,30,10,20
第384回,3,7,15,18,26,30,31,9,33
第385回,4,12,14,24,29,34,35,5,15
第386回,9,19,22,32,35,36,37,7,21
第387回,3,7,13,22,30,32,37,14,15
第388回,1,6,8,10,18,21,32,13,28
第389回,1,6,11,13,18,24,27,17,23
第390回,3,6,19,21,23,26,27,30,34
第391回,10,23,27,32,33,35,37,24,26
第392回,1,4,6,15,20,22,26,18,21
第393回,7,14,15,22,27,30,31,9,32
第394回,6,10,22,23,27,32,33,8,19
第395回,1,2,5,20,26,29,32,8,9
第396回,2,3,5,8,16,20,34,26,31
第397回,4,12,13,15,21,28,37,7,20
第398回,3,4,10,17,20,22,33,1,6
第399回,7,15,19,20,21,33,36,4,10
第400回,4,17,22,28,30,31,35,25,34
第401回,4,5,9,14,18,30,35,1,33
第402回,7,9,12,17,20,26,29,4,13
第403回,2,6,8,12,19,20,29,5,26
第404回,4,8,13,16,25,30,32,9,26
第405回,3,10,16,17,24,32,36,11,29
第406回,1,2,5,16,18,21,29,24,25
第407回,19,21,25,26,28,30,31,9,16
第408回,16,18,19,21,29,30,35,14,28
第409回,13,15,16,24,30,31,37,12,33
第410回,1,2,18,21,26,29,37,9,36
第411回,4,11,12,21,23,27,36,9,14
第412回,14,20,22,29,31,33,34,15,24
第413回,3,10,16,18,19,34,35,27,36
第414回,3,8,16,21,25,36,37,14,20
第415回,4,8,12,13,23,32,37,16,35
第416回,8,9,10,15,16,30,31,29,36
第417回,4,5,13,18,23,27,32,9,11
第418回,10,13,17,18,22,28,37,1,30
第419回,3,11,14,21,26,29,34,22,33
第420回,4,5,11,13,24,32,34,2,3
第421回,9,15,18,26,28,32,37,21,36
第422回,1,9,21,23,30,35,36,5,6
第423回,1,7,9,11,29,31,32,2,6
第424回,5,6,12,19,25,30,35,26,33
第425回,2,9,14,20,22,34,35,7,24
第426回,1,2,6,8,30,31,33,13,35
第427回,11,13,26,27,31,33,37,9,18
第428回,3,6,16,22,31,34,35,24,32
第429回,6,11,14,27,30,32,35,18,24
第430回,2,12,17,24,28,30,32,3,27
第431回,7,11,12,17,19,20,26,2,3
第432回,5,10,13,24,29,30,35,21,31
第433回,14,17,20,25,32,33,36,10,34
第434回,10,11,12,17,29,34,37,26,30
第435回,3,5,7,11,15,17,25,13,32
第436回,5,6,21,22,26,31,32,18,36
第437回,8,10,14,15,23,25,26,1,11
第438回,4,13,16,21,32,34,37,27,33
第439回,1,3,6,9,26,29,31,14,18
第440回,5,10,17,18,19,22,32,14,35
第441回,15,21,22,23,27,28,37,8,25
第442回,6,13,14,16,19,30,32,25,36
第443回,1,5,8,26,28,32,36,23,24
第444回,11,15,16,17,18,27,29,25,33
第445回,4,22,25,27,28,30,33,2,3
第446回,1,7,9,12,15,29,32,11,28
第447回,3,5,8,13,26,30,37,25,28
第448回,7,21,24,29,32,36,37,22,27
第449回,2,21,26,27,32,33,34,8,9
第450回,2,7,12,15,21,23,30,9,31
第451回,2,15,22,25,28,33,37,10,17
第452回,5,17,20,21,31,34,35,8,27
第453回,2,8,10,21,24,26,35,9,13
第454回,8,17,21,26,27,29,31,1,33
第455回,1,5,8,15,18,26,36,33,34
第456回,9,15,17,18,22,25,31,33,36
第457回,7,14,19,27,31,35,36,9,33
第458回,7,11,12,14,19,21,33,6,37
第459回,2,4,7,8,10,20,29,14,33
第460回,5,6,9,23,27,28,30,4,13
第461回,2,13,19,22,32,35,37,14,33
第462回,7,11,24,27,29,34,35,4,18
第463回,3,7,13,16,19,24,30,6,10
第464回,7,8,13,17,30,32,36,1,10
第465回,1,4,5,13,27,31,35,15,22
第466回,5,6,8,14,15,25,29,18,33
第467回,7,8,11,13,14,26,30,31,34
第468回,3,12,15,16,25,29,37,26,28
第469回,1,6,8,13,16,30,33,23,28
第470回,2,3,9,16,27,32,36,1,34
第471回,3,5,7,8,11,19,34,17,32
第472回,5,7,8,32,33,34,36,4,6
第473回,6,11,21,24,28,33,37,8,27
第474回,3,17,19,21,24,32,34,27,28
第475回,1,2,22,24,26,31,37,12,19
第476回,4,7,9,15,22,24,31,21,37
第477回,2,5,9,19,25,32,37,7,29
第478回,6,8,11,13,16,20,32,12,34
第479回,8,11,13,18,24,30,31,21,23
第480回,10,13,19,21,26,30,36,22,34
第481回,1,10,13,14,16,25,27,5,21
第482回,2,5,14,15,17,19,36,8,34
第483回,2,11,20,23,25,36,37,29,34
第484回,1,4,6,9,13,22,31,29,30
第485回,4,6,17,20,22,24,26,8,9
第486回,8,13,15,23,24,31,35,14,19
第487回,9,10,13,15,26,34,37,22,36
第488回,3,13,16,18,19,20,35,2,11
第489回,3,6,7,15,25,29,31,8,14
第490回,12,14,18,21,23,29,37,7,15
第491回,3,14,17,21,22,32,35,6,30
第492回,7,10,12,15,23,31,37,9,18
第493回,5,13,14,20,21,25,31,9,36
第494回,7,9,12,22,28,29,32,17,19
第495回,2,16,19,20,22,33,36,6,32
第496回,5,8,15,18,25,27,36,10,26
第497回,18,20,24,26,27,30,33,17,19
第498回,6,8,12,20,21,24,29,4,18
第499回,5,9,14,18,27,32,34,6,12
第500回,17,18,24,30,31,32,35,6,36
第501回,1,2,4,7,12,14,31,30,33
第502回,1,2,12,17,21,22,33,4,30
第503回,5,7,8,13,23,26,33,31,37
第504回,1,3,4,5,6,29,31,11,14
第505回,9,10,12,15,16,28,36,1,23
第506回,8,14,19,22,29,31,37,3,21
第507回,4,19,25,26,30,32,36,1,15
第508回,1,5,6,9,16,26,31,25,33
第509回,10,14,22,26,27,32,33,20,37
第510回,3,5,9,11,17,33,37,4,22
第511回,1,9,14,24,28,36,37,16,31
第512回,5,7,17,22,25,26,28,3,23
第513回,1,4,10,13,15,19,37,16,20
第514回,1,5,10,17,20,27,37,3,22
第515回,3,15,17,22,26,27,28,6,8
第516回,7,12,15,16,18,25,36,9,19
第517回,3,6,10,16,26,29,31,7,24
第518回,5,8,11,24,30,32,36,4,35
第519回,1,2,8,14,17,21,34,20,26
第520回,9,22,25,28,33,34,37,15,16
第521回,21,24,25,27,30,33,36,3,31
第522回,1,10,12,19,22,25,37,2,34
第523回,3,17,19,27,28,32,35,2,34
第524回,4,17,22,27,29,31,34,3,37
第525回,11,14,17,18,21,25,31,1,27
第526回,4,13,17,19,20,26,29,2,28
第527回,4,8,12,25,27,32,34,15,17
第528回,5,7,10,19,30,32,33,1,17
第529回,7,9,13,14,22,26,29,10,21
第530回,1,11,13,28,29,30,34,23,27
第531回,4,6,9,11,14,28,30,10,12
第532回,4,9,13,18,26,28,36,8,16
第533回,2,4,9,11,14,25,37,29,32
第534回,10,17,18,19,20,24,25,30,32
第535回,5,11,12,19,29,32,36,9,26
第536回,8,12,16,17,22,28,34,9,37
第537回,2,3,9,13,14,35,37,4,17
第538回,1,2,11,12,16,25,28,6,22
第539回,4,6,8,18,20,27,35,24,26
第540回,3,7,10,18,19,28,36,13,26
第541回,6,14,23,25,27,28,34,19,37
第542回,2,9,26,31,33,35,36,15,20
第543回,2,11,13,18,23,24,36,17,26
第544回,10,11,18,21,22,29,34,4,32
第545回,3,12,16,17,27,30,34,15,37
第546回,7,14,17,28,33,35,36,13,27
第547回,4,11,14,18,23,25,29,17,32
第548回,1,13,16,17,18,25,30,20,34
第549回,13,19,20,28,33,34,35,4,32
第550回,7,8,13,22,24,29,30,10,35
第551回,15,16,17,22,29,32,37,23,24
第552回,7,11,12,16,18,33,34,1,14
第553回,2,6,13,15,16,20,33,9,28
第554回,4,10,15,17,29,32,36,13,30
第555回,9,12,17,19,26,32,34,11,22
第556回,17,20,26,28,29,33,35,1,6
第557回,3,5,7,10,17,18,35,2,21
第558回,15,20,21,22,23,26,34,6,10
第559回,3,4,10,13,15,18,22,2,16
第560回,3,20,29,32,33,34,35,2,24
第561回,6,8,19,20,27,32,37,13,33
第562回,2,14,15,20,28,30,34,3,4
第563回,1,4,6,14,16,19,31,12,18
第564回,9,13,15,18,22,24,30,6,27
第565回,3,6,9,11,19,30,36,1,33
第566回,3,5,18,25,28,35,37,7,8
第567回,6,8,16,18,19,34,37,15,30
第568回,8,18,20,29,30,33,34,5,23
第569回,12,15,17,22,30,34,35,5,9
第570回,1,3,9,12,25,26,35,29,31
第571回,13,26,27,29,30,34,37,2,23
第572回,1,2,4,19,21,26,28,3,25
第573回,11,12,18,19,23,26,31,15,25
第574回,4,5,13,16,22,23,35,36,37
第575回,2,12,18,20,25,28,30,9,23
第576回,11,13,14,18,19,23,31,7,27
第577回,11,13,19,25,29,36,37,18,30
第578回,2,15,19,20,22,31,36,13,23
第579回,7,19,23,33,34,35,36,5,10
第580回,4,13,14,15,17,27,33,2,11
第581回,3,8,10,15,18,23,37,17,24
第582回,5,7,22,29,30,32,36,3,33
第583回,1,5,8,9,20,30,37,11,26
第584回,10,11,12,17,23,30,36,20,21
第585回,6,11,13,14,16,27,34,12,25
第586回,1,2,4,14,15,22,23,13,36
第587回,15,18,21,22,23,25,32,1,30
第588回,3,5,9,13,15,21,31,12,17
第589回,1,6,8,9,14,29,33,5,23
第590回,1,3,9,10,15,25,35,19,28
第591回,4,7,8,11,21,23,35,10,24
第592回,3,8,11,15,19,24,32,14,30
第593回,3,8,9,14,15,22,32,1,12
第594回,5,12,21,25,27,34,36,10,32
第595回,14,15,16,19,25,28,33,6,29
第596回,1,9,16,19,23,29,32,5,37
第597回,2,4,14,15,22,27,34,1,5
第598回,1,4,7,11,12,18,26,3,33
第599回,4,7,16,19,26,31,33,25,29
第600回,1,2,12,16,19,29,32,9,37
第601回,4,8,18,20,29,35,37,19,34
第602回,7,15,18,24,29,31,34,5,25
第603回,4,9,10,23,28,30,34,18,31
第604回,4,6,9,12,25,31,36,27,30
第605回,2,8,15,26,28,31,32,19,24
第606回,9,17,18,20,22,27,36,25,37
第607回,12,14,20,27,31,34,37,19,21
第608回,7,10,11,18,20,29,30,32,36
第609回,4,11,12,23,26,32,37,1,9
第610回,1,8,9,23,24,31,36,21,28
第611回,7,8,11,18,20,30,34,5,14
第612回,5,13,16,23,27,31,34,26,33
第613回,3,5,6,10,19,21,35,13,27
第614回,14,21,22,23,24,28,34,5,37
第615回,4,11,21,26,27,28,33,10,13
第616回,7,15,20,28,29,34,36,1,35
第617回,2,6,10,12,25,28,35,27,31
第618回,7,17,20,23,24,34,36,25,35
第619回,8,9,18,20,27,29,32,7,12
第620回,2,4,8,10,12,29,32,6,13
第621回,1,2,12,13,14,30,36,9,24
第622回,1,10,28,29,30,33,34,21,27
第623回,9,12,22,26,28,31,37,7,30
第624回,2,14,15,26,27,34,36,9,24
第625回,3,10,12,18,19,24,32,4,15
第626回,1,3,7,12,17,32,34,14,30
第627回,9,15,21,30,33,34,37,10,35
第628回,1,8,9,11,18,27,35,16,34
第629回,2,7,9,21,23,24,30,22,29
第630回,4,6,8,23,28,29,34,10,19
第631回,2,3,6,17,33,35,36,25,37
第632回,5,7,10,11,29,31,37,13,25
第633回,2,5,10,17,21,31,36,20,32
第634回,2,12,18,29,32,36,37,5,21
第635回,10,12,20,29,30,31,34,4,15
第636回,10,14,17,20,26,27,29,3,11
第637回,1,4,7,8,9,20,21,11,30
第638回,1,6,18,19,35,36,37,11,24
第639回,5,9,12,15,30,31,34,13,29
第640回,2,7,9,12,13,14,29,15,30
第641回,1,3,7,23,24,33,36,17,30
第642回,1,7,22,23,33,34,35,2,24
第643回,1,5,15,16,18,27,34,19,22
第644回,1,11,12,14,20,26,29,2,5
第645回,7,10,16,20,26,32,35,24,33
第646回,5,12,13,15,18,35,37,11,29
第647回,4,5,9,13,17,22,28,18,31
第648回,3,17,19,24,28,29,35,7,13
第649回,12,22,23,26,33,35,37,2,21
第650回,1,8,10,14,25,33,35,12,21
第651回,2,13,19,20,24,26,35,29,36
第652回,1,16,21,26,27,30,35,6,37
第653回,6,7,12,25,26,30,33,13,15
第654回,3,12,25,29,30,32,33,28,31
第655回,4,5,12,13,24,26,33,3,14
第656回,1,4,6,20,30,34,37,14,25
第657回,9,11,16,23,27,29,32,6,24
第658回,10,12,16,18,19,22,37,11,20
第659回,2,8,9,14,27,34,36,5,18
第660回,4,6,12,13,16,17,31,14,20
第661回,7,12,17,22,31,34,35,20,32
第662回,4,14,15,21,22,24,37,5,20
第663回,4,6,10,11,13,17,23,25,32
第664回,3,6,8,14,21,22,31,17,37
第665回,6,8,14,19,22,25,35,12,17
